#include "Quadrature.h"
#include <cmath>

void Quadrature::quadpts(int order, MatrixXd& lambda, VectorXd& weight) {
    // 限制阶数范围
    if (order > 14) order = 14;
    if (order < 1) order = 1;
    
    MatrixXd A;
    
    switch (order) {
        case 1: {  // Order 1, nQuad 1
            A.resize(1, 4);
            A << 1.0, 0.3333333333333333, 0.3333333333333333, 0.3333333333333333;
            break;
        }
        case 2: {  // Order 2, nQuad 3
            A.resize(3, 4);
            A << 0.3333333333333333, 0.6666666666666667, 0.1666666666666667, 0.1666666666666667,
                 0.3333333333333333, 0.1666666666666667, 0.6666666666666667, 0.1666666666666667,
                 0.3333333333333333, 0.1666666666666667, 0.1666666666666667, 0.6666666666666667;
            break;
        }
        case 3: {  // Order 3, nQuad 4
            A.resize(4, 4);
            A << -0.5625, 0.3333333333333333, 0.3333333333333333, 0.3333333333333333,
                 0.5208333333333333, 0.6, 0.2, 0.2,
                 0.5208333333333333, 0.2, 0.6, 0.2,
                 0.5208333333333333, 0.2, 0.2, 0.6;
            break;
        }
        case 4: {  // Order 4, nQuad 6
            A.resize(6, 4);
            A << 0.1099517436553219, 0.8168475729804585, 0.09157621350977074, 0.09157621350977074,
                 0.1099517436553219, 0.09157621350977074, 0.8168475729804585, 0.09157621350977074,
                 0.1099517436553219, 0.09157621350977074, 0.09157621350977074, 0.8168475729804585,
                 0.2233815896780115, 0.1081030181680702, 0.4459484909159649, 0.4459484909159649,
                 0.2233815896780115, 0.4459484909159649, 0.1081030181680702, 0.4459484909159649,
                 0.2233815896780115, 0.4459484909159649, 0.4459484909159649, 0.1081030181680702;
            break;
        }
        case 5: {  // Order 5, nQuad 7
            A.resize(7, 4);
            A << 0.225, 0.3333333333333333, 0.3333333333333333, 0.3333333333333333,
                 0.1323941527885062, 0.05971587178976982, 0.4701420641051151, 0.4701420641051151,
                 0.1323941527885062, 0.4701420641051151, 0.05971587178976982, 0.4701420641051151,
                 0.1323941527885062, 0.4701420641051151, 0.4701420641051151, 0.05971587178976982,
                 0.1259391805448272, 0.7974269853530873, 0.1012865073234563, 0.1012865073234563,
                 0.1259391805448272, 0.1012865073234563, 0.7974269853530873, 0.1012865073234563,
                 0.1259391805448272, 0.1012865073234563, 0.1012865073234563, 0.7974269853530873;
            break;
        }
        case 6: {  // Order 6, nQuad 12
            A.resize(12, 4);
            A << 0.1167862757263794, 0.5014265096581792, 0.2492867451709104, 0.2492867451709104,
                 0.1167862757263794, 0.2492867451709104, 0.5014265096581792, 0.2492867451709104,
                 0.1167862757263794, 0.2492867451709104, 0.2492867451709104, 0.5014265096581792,
                 0.05084490637020682, 0.8738219710169955, 0.06308901449150223, 0.06308901449150223,
                 0.05084490637020682, 0.06308901449150223, 0.8738219710169955, 0.06308901449150223,
                 0.05084490637020682, 0.06308901449150223, 0.06308901449150223, 0.8738219710169955,
                 0.08285107561837358, 0.05314504984481695, 0.3103524510337844, 0.6365024991213986,
                 0.08285107561837358, 0.05314504984481695, 0.6365024991213986, 0.3103524510337844,
                 0.08285107561837358, 0.3103524510337844, 0.05314504984481695, 0.6365024991213986,
                 0.08285107561837358, 0.3103524510337844, 0.6365024991213986, 0.05314504984481695,
                 0.08285107561837358, 0.6365024991213986, 0.05314504984481695, 0.3103524510337844,
                 0.08285107561837358, 0.6365024991213986, 0.3103524510337844, 0.05314504984481695;
            break;
        }
        case 7: {  // Order 7, nQuad 13
            A.resize(13, 4);
            A << -0.1495700444676818, 0.3333333333333333, 0.3333333333333333, 0.3333333333333333,
                 0.1756152574332078, 0.4793080678419203, 0.2603459660790398, 0.2603459660790398,
                 0.1756152574332078, 0.2603459660790398, 0.4793080678419203, 0.2603459660790398,
                 0.1756152574332078, 0.2603459660790398, 0.2603459660790398, 0.4793080678419203,
                 0.05334723560883849, 0.8697397941955684, 0.06513010290221581, 0.06513010290221581,
                 0.05334723560883849, 0.06513010290221581, 0.8697397941955684, 0.06513010290221581,
                 0.05334723560883849, 0.06513010290221581, 0.06513010290221581, 0.8697397941955684,
                 0.07711376089025714, 0.04869031542531641, 0.3128654960048739, 0.6384441885698097,
                 0.07711376089025714, 0.04869031542531641, 0.6384441885698097, 0.3128654960048739,
                 0.07711376089025714, 0.3128654960048739, 0.04869031542531641, 0.6384441885698097,
                 0.07711376089025714, 0.3128654960048739, 0.6384441885698097, 0.04869031542531641,
                 0.07711376089025714, 0.6384441885698097, 0.04869031542531641, 0.3128654960048739,
                 0.07711376089025714, 0.6384441885698097, 0.3128654960048739, 0.04869031542531641;
            break;
        }
        case 8: {  // Order 8, nQuad 16
            A.resize(16, 4);
            A << 0.1443156076777872, 0.3333333333333333, 0.3333333333333333, 0.3333333333333333,
                 0.09509163426728462, 0.08141482341455369, 0.4592925882927232, 0.4592925882927232,
                 0.09509163426728462, 0.4592925882927232, 0.08141482341455369, 0.4592925882927232,
                 0.09509163426728462, 0.4592925882927232, 0.4592925882927232, 0.08141482341455369,
                 0.1032173705347183, 0.6588613844964796, 0.1705693077517602, 0.1705693077517602,
                 0.1032173705347183, 0.1705693077517602, 0.6588613844964796, 0.1705693077517602,
                 0.1032173705347183, 0.1705693077517602, 0.1705693077517602, 0.6588613844964796,
                 0.03245849762319808, 0.8989055433659380, 0.05054722831703098, 0.05054722831703098,
                 0.03245849762319808, 0.05054722831703098, 0.8989055433659380, 0.05054722831703098,
                 0.03245849762319808, 0.05054722831703098, 0.05054722831703098, 0.8989055433659380,
                 0.02723031417443499, 0.008394777409957605, 0.2631128296346381, 0.7284923929554043,
                 0.02723031417443499, 0.008394777409957605, 0.7284923929554043, 0.2631128296346381,
                 0.02723031417443499, 0.2631128296346381, 0.008394777409957605, 0.7284923929554043,
                 0.02723031417443499, 0.2631128296346381, 0.7284923929554043, 0.008394777409957605,
                 0.02723031417443499, 0.7284923929554043, 0.008394777409957605, 0.2631128296346381,
                 0.02723031417443499, 0.7284923929554043, 0.2631128296346381, 0.008394777409957605;
            break;
        }
        case 9: {  // Order 9, nQuad 19
            A.resize(19, 4);
            A << 0.09713579628279883, 0.3333333333333333, 0.3333333333333333, 0.3333333333333333,
                 0.03133470022713907, 0.02063496160252474, 0.4896825191987376, 0.4896825191987376,
                 0.03133470022713907, 0.4896825191987376, 0.02063496160252474, 0.4896825191987376,
                 0.03133470022713907, 0.4896825191987376, 0.4896825191987376, 0.02063496160252474,
                 0.07782754100477428, 0.1258208170141267, 0.4370895914929366, 0.4370895914929366,
                 0.07782754100477428, 0.4370895914929366, 0.1258208170141267, 0.4370895914929366,
                 0.07782754100477428, 0.4370895914929366, 0.4370895914929366, 0.1258208170141267,
                 0.07964773892721025, 0.6235929287619345, 0.1882035356190327, 0.1882035356190327,
                 0.07964773892721025, 0.1882035356190327, 0.6235929287619345, 0.1882035356190327,
                 0.07964773892721025, 0.1882035356190327, 0.1882035356190327, 0.6235929287619345,
                 0.02557767565869803, 0.9105409732110946, 0.04472951339445271, 0.04472951339445271,
                 0.02557767565869803, 0.04472951339445271, 0.9105409732110946, 0.04472951339445271,
                 0.02557767565869803, 0.04472951339445271, 0.04472951339445271, 0.9105409732110946,
                 0.04328353937728938, 0.03683841205473628, 0.2219629891607657, 0.7411985987844980,
                 0.04328353937728938, 0.03683841205473628, 0.7411985987844980, 0.2219629891607657,
                 0.04328353937728938, 0.2219629891607657, 0.03683841205473628, 0.7411985987844980,
                 0.04328353937728938, 0.2219629891607657, 0.7411985987844980, 0.03683841205473628,
                 0.04328353937728938, 0.7411985987844980, 0.03683841205473628, 0.2219629891607657,
                 0.04328353937728938, 0.7411985987844980, 0.2219629891607657, 0.03683841205473628;
            break;
        }
        case 10: {  // Order 10, nQuad 25
            A.resize(25, 4);
            A << 0.09081799038275358, 0.3333333333333333, 0.3333333333333333, 0.3333333333333333,
                 0.03672595775646670, 0.02884473323268525, 0.4855776333836574, 0.4855776333836574,
                 0.03672595775646670, 0.4855776333836574, 0.02884473323268525, 0.4855776333836574,
                 0.03672595775646670, 0.4855776333836574, 0.4855776333836574, 0.02884473323268525,
                 0.04532105943552793, 0.7810368490299259, 0.1094815754850371, 0.1094815754850371,
                 0.04532105943552793, 0.1094815754850371, 0.7810368490299259, 0.1094815754850371,
                 0.04532105943552793, 0.1094815754850371, 0.1094815754850371, 0.7810368490299259,
                 0.07275791684542011, 0.1417072194148800, 0.3079398387641209, 0.5503529418209991,
                 0.07275791684542011, 0.1417072194148800, 0.5503529418209991, 0.3079398387641209,
                 0.07275791684542011, 0.3079398387641209, 0.1417072194148800, 0.5503529418209991,
                 0.07275791684542011, 0.3079398387641209, 0.5503529418209991, 0.1417072194148800,
                 0.07275791684542011, 0.5503529418209991, 0.1417072194148800, 0.3079398387641209,
                 0.07275791684542011, 0.5503529418209991, 0.3079398387641209, 0.1417072194148800,
                 0.02832724253105748, 0.02500353476268639, 0.2466725606399027, 0.7283239045974109,
                 0.02832724253105748, 0.02500353476268639, 0.7283239045974109, 0.2466725606399027,
                 0.02832724253105748, 0.2466725606399027, 0.02500353476268639, 0.7283239045974109,
                 0.02832724253105748, 0.2466725606399027, 0.7283239045974109, 0.02500353476268639,
                 0.02832724253105748, 0.7283239045974109, 0.02500353476268639, 0.2466725606399027,
                 0.02832724253105748, 0.7283239045974109, 0.2466725606399027, 0.02500353476268639,
                 0.009421666963732824, 0.009540815400299458, 0.06680325101220027, 0.9236559335875003,
                 0.009421666963732824, 0.009540815400299458, 0.9236559335875003, 0.06680325101220027,
                 0.009421666963732824, 0.06680325101220027, 0.009540815400299458, 0.9236559335875003,
                 0.009421666963732824, 0.06680325101220027, 0.9236559335875003, 0.009540815400299458,
                 0.009421666963732824, 0.9236559335875003, 0.009540815400299458, 0.06680325101220027,
                 0.009421666963732824, 0.9236559335875003, 0.06680325101220027, 0.009540815400299458;
            break;
        }
        case 11: {  // Order 11, nQuad 27
            A.resize(27, 4);
            A << 0.0009270063289606761, -0.06922209654151662, 0.5346110482707583, 0.5346110482707583,
                 0.0009270063289606761, 0.5346110482707583, -0.06922209654151662, 0.5346110482707583,
                 0.0009270063289606761, 0.5346110482707583, 0.5346110482707583, -0.06922209654151662,
                 0.07714953491481312, 0.2020613940682896, 0.3989693029658552, 0.3989693029658552,
                 0.07714953491481312, 0.3989693029658552, 0.2020613940682896, 0.3989693029658552,
                 0.07714953491481312, 0.3989693029658552, 0.3989693029658552, 0.2020613940682896,
                 0.05932297738077407, 0.5933801991374351, 0.2033099004312825, 0.2033099004312825,
                 0.05932297738077407, 0.2033099004312825, 0.5933801991374351, 0.2033099004312825,
                 0.05932297738077407, 0.2033099004312825, 0.2033099004312825, 0.5933801991374351,
                 0.03618454050341808, 0.7612981754348374, 0.1193509122825813, 0.1193509122825813,
                 0.03618454050341808, 0.1193509122825813, 0.7612981754348374, 0.1193509122825813,
                 0.03618454050341808, 0.1193509122825813, 0.1193509122825813, 0.7612981754348374,
                 0.013659731002677862, 0.9352701037774482, 0.03236494811127589, 0.03236494811127589,
                 0.013659731002677862, 0.03236494811127589, 0.9352701037774482, 0.03236494811127589,
                 0.013659731002677862, 0.03236494811127589, 0.03236494811127589, 0.9352701037774482,
                 0.05233711196220407, 0.05017813831049467, 0.3566206482612926, 0.5932012134282128,
                 0.05233711196220407, 0.05017813831049467, 0.5932012134282128, 0.3566206482612926,
                 0.05233711196220407, 0.3566206482612926, 0.05017813831049467, 0.5932012134282128,
                 0.05233711196220407, 0.3566206482612926, 0.5932012134282128, 0.05017813831049467,
                 0.05233711196220407, 0.5932012134282128, 0.05017813831049467, 0.3566206482612926,
                 0.05233711196220407, 0.5932012134282128, 0.3566206482612926, 0.05017813831049467,
                 0.02070765963914069, 0.02102201653616630, 0.1714889803040415, 0.8074890031597922,
                 0.02070765963914069, 0.02102201653616630, 0.8074890031597922, 0.1714889803040415,
                 0.02070765963914069, 0.1714889803040415, 0.02102201653616630, 0.8074890031597922,
                 0.02070765963914069, 0.1714889803040415, 0.8074890031597922, 0.02102201653616630,
                 0.02070765963914069, 0.8074890031597922, 0.02102201653616630, 0.1714889803040415,
                 0.02070765963914069, 0.8074890031597922, 0.1714889803040415, 0.02102201653616630;
            break;
        }
        case 12: {  // Order 12, nQuad 33
            A.resize(33, 4);
            A << 0.02573106644045534, 0.02356522045239023, 0.4882173897738049, 0.4882173897738049,
                 0.02573106644045534, 0.4882173897738049, 0.02356522045239023, 0.4882173897738049,
                 0.02573106644045534, 0.4882173897738049, 0.4882173897738049, 0.02356522045239023,
                 0.04369254453803840, 0.1205512154110795, 0.4397243922944603, 0.4397243922944603,
                 0.04369254453803840, 0.4397243922944603, 0.1205512154110795, 0.4397243922944603,
                 0.04369254453803840, 0.4397243922944603, 0.4397243922944603, 0.1205512154110795,
                 0.06285822421788510, 0.4575792299757682, 0.2712103850121159, 0.2712103850121159,
                 0.06285822421788510, 0.2712103850121159, 0.4575792299757682, 0.2712103850121159,
                 0.06285822421788510, 0.2712103850121159, 0.2712103850121159, 0.4575792299757682,
                 0.03479611293070894, 0.7448477089168282, 0.1275761455415859, 0.1275761455415859,
                 0.03479611293070894, 0.1275761455415859, 0.7448477089168282, 0.1275761455415859,
                 0.03479611293070894, 0.1275761455415859, 0.1275761455415859, 0.7448477089168282,
                 0.006166261051559017, 0.9573652990935793, 0.02131735045321037, 0.02131735045321037,
                 0.006166261051559017, 0.02131735045321037, 0.9573652990935793, 0.02131735045321037,
                 0.006166261051559017, 0.02131735045321037, 0.02131735045321037, 0.9573652990935793,
                 0.04037155776638093, 0.1153434945346980, 0.2757132696855142, 0.6089432357797878,
                 0.04037155776638093, 0.1153434945346980, 0.6089432357797878, 0.2757132696855142,
                 0.04037155776638093, 0.2757132696855142, 0.1153434945346980, 0.6089432357797878,
                 0.04037155776638093, 0.2757132696855142, 0.6089432357797878, 0.1153434945346980,
                 0.04037155776638093, 0.6089432357797878, 0.1153434945346980, 0.2757132696855142,
                 0.04037155776638093, 0.6089432357797878, 0.2757132696855142, 0.1153434945346980,
                 0.02235677320230345, 0.02283833222225703, 0.2813255809899395, 0.6958360867878034,
                 0.02235677320230345, 0.02283833222225703, 0.6958360867878034, 0.2813255809899395,
                 0.02235677320230345, 0.2813255809899395, 0.02283833222225703, 0.6958360867878034,
                 0.02235677320230345, 0.2813255809899395, 0.6958360867878034, 0.02283833222225703,
                 0.02235677320230345, 0.6958360867878034, 0.02283833222225703, 0.2813255809899395,
                 0.02235677320230345, 0.6958360867878034, 0.2813255809899395, 0.02283833222225703,
                 0.01731623110865889, 0.02573405054833023, 0.1162519159075971, 0.8580140335440726,
                 0.01731623110865889, 0.02573405054833023, 0.8580140335440726, 0.1162519159075971,
                 0.01731623110865889, 0.1162519159075971, 0.02573405054833023, 0.8580140335440726,
                 0.01731623110865889, 0.1162519159075971, 0.8580140335440726, 0.02573405054833023,
                 0.01731623110865889, 0.8580140335440726, 0.02573405054833023, 0.1162519159075971,
                 0.01731623110865889, 0.8580140335440726, 0.1162519159075971, 0.02573405054833023;
            break;
        }
        case 13: {  // Order 13, nQuad 37
            A.resize(37, 4);
            A << 0.05252092340080233, 0.3333333333333333, 0.3333333333333333, 0.3333333333333333,
                 0.01128014520932958, 0.009903630120590823, 0.4950481849397046, 0.4950481849397046,
                 0.01128014520932958, 0.4950481849397046, 0.009903630120590823, 0.4950481849397046,
                 0.01128014520932958, 0.4950481849397046, 0.4950481849397046, 0.009903630120590823,
                 0.03142351836245401, 0.06256672978085187, 0.4687166351095741, 0.4687166351095741,
                 0.03142351836245401, 0.4687166351095741, 0.06256672978085187, 0.4687166351095741,
                 0.03142351836245401, 0.4687166351095741, 0.4687166351095741, 0.06256672978085187,
                 0.04707250250419446, 0.1709573263974461, 0.4145213368012769, 0.4145213368012769,
                 0.04707250250419446, 0.4145213368012769, 0.1709573263974461, 0.4145213368012769,
                 0.04707250250419446, 0.4145213368012769, 0.4145213368012769, 0.1709573263974461,
                 0.04736358653635484, 0.5412008559143380, 0.2293995720428310, 0.2293995720428310,
                 0.04736358653635484, 0.2293995720428310, 0.5412008559143380, 0.2293995720428310,
                 0.04736358653635484, 0.2293995720428310, 0.2293995720428310, 0.5412008559143380,
                 0.03116752904579389, 0.7711510096073394, 0.1144244951963303, 0.1144244951963303,
                 0.03116752904579389, 0.1144244951963303, 0.7711510096073394, 0.1144244951963303,
                 0.03116752904579389, 0.1144244951963303, 0.1144244951963303, 0.7711510096073394,
                 0.007975771465074353, 0.9503772172730821, 0.02481139136345895, 0.02481139136345895,
                 0.007975771465074353, 0.02481139136345895, 0.9503772172730821, 0.02481139136345895,
                 0.007975771465074353, 0.02481139136345895, 0.02481139136345895, 0.9503772172730821,
                 0.03684840272873217, 0.09485382837957804, 0.2687949970587614, 0.6363511745616605,
                 0.03684840272873217, 0.09485382837957804, 0.6363511745616605, 0.2687949970587614,
                 0.03684840272873217, 0.2687949970587614, 0.09485382837957804, 0.6363511745616605,
                 0.03684840272873217, 0.2687949970587614, 0.6363511745616605, 0.09485382837957804,
                 0.03684840272873217, 0.6363511745616605, 0.09485382837957804, 0.2687949970587614,
                 0.03684840272873217, 0.6363511745616605, 0.2687949970587614, 0.09485382837957804,
                 0.01740146330382192, 0.01810077327880675, 0.2917300667342877, 0.6901691599869056,
                 0.01740146330382192, 0.01810077327880675, 0.6901691599869056, 0.2917300667342877,
                 0.01740146330382192, 0.2917300667342877, 0.01810077327880675, 0.6901691599869056,
                 0.01740146330382192, 0.2917300667342877, 0.6901691599869056, 0.01810077327880675,
                 0.01740146330382192, 0.6901691599869056, 0.01810077327880675, 0.2917300667342877,
                 0.01740146330382192, 0.6901691599869056, 0.2917300667342877, 0.01810077327880675,
                 0.01552178683904496, 0.02223307667409016, 0.1263573854916686, 0.8514095378342422,
                 0.01552178683904496, 0.02223307667409016, 0.8514095378342422, 0.1263573854916686,
                 0.01552178683904496, 0.1263573854916686, 0.02223307667409016, 0.8514095378342422,
                 0.01552178683904496, 0.1263573854916686, 0.8514095378342422, 0.02223307667409016,
                 0.01552178683904496, 0.8514095378342422, 0.02223307667409016, 0.1263573854916686,
                 0.01552178683904496, 0.8514095378342422, 0.1263573854916686, 0.02223307667409016;
            break;
        }
        case 14: {  // Order 14, nQuad 42
            A.resize(42, 4);
            A << 0.02188358136942889, 0.02207217927564272, 0.4889639103621786, 0.4889639103621786,
                 0.02188358136942889, 0.4889639103621786, 0.02207217927564272, 0.4889639103621786,
                 0.02188358136942889, 0.4889639103621786, 0.4889639103621786, 0.02207217927564272,
                 0.03278835354412535, 0.1647105613190922, 0.4176447193404539, 0.4176447193404539,
                 0.03278835354412535, 0.4176447193404539, 0.1647105613190922, 0.4176447193404539,
                 0.03278835354412535, 0.4176447193404539, 0.4176447193404539, 0.1647105613190922,
                 0.05177410450729159, 0.4530449433823227, 0.2734775283088387, 0.2734775283088387,
                 0.05177410450729159, 0.2734775283088387, 0.4530449433823227, 0.2734775283088387,
                 0.05177410450729159, 0.2734775283088387, 0.2734775283088387, 0.4530449433823227,
                 0.04216258873699302, 0.6455889351749131, 0.1772055324125434, 0.1772055324125434,
                 0.04216258873699302, 0.1772055324125434, 0.6455889351749131, 0.1772055324125434,
                 0.04216258873699302, 0.1772055324125434, 0.1772055324125434, 0.6455889351749131,
                 0.01443369966977667, 0.8764002338182548, 0.06179988309087260, 0.06179988309087260,
                 0.01443369966977667, 0.06179988309087260, 0.8764002338182548, 0.06179988309087260,
                 0.01443369966977667, 0.06179988309087260, 0.06179988309087260, 0.8764002338182548,
                 0.004923403602400082, 0.9612180775025979, 0.01939096124870105, 0.01939096124870105,
                 0.004923403602400082, 0.01939096124870105, 0.9612180775025979, 0.01939096124870105,
                 0.004923403602400082, 0.01939096124870105, 0.01939096124870105, 0.9612180775025979,
                 0.02466575321256367, 0.05712475740364794, 0.1722666878213556, 0.7706085547749965,
                 0.02466575321256367, 0.05712475740364794, 0.7706085547749965, 0.1722666878213556,
                 0.02466575321256367, 0.1722666878213556, 0.05712475740364794, 0.7706085547749965,
                 0.02466575321256367, 0.1722666878213556, 0.7706085547749965, 0.05712475740364794,
                 0.02466575321256367, 0.7706085547749965, 0.05712475740364794, 0.1722666878213556,
                 0.02466575321256367, 0.7706085547749965, 0.1722666878213556, 0.05712475740364794,
                 0.03857151078706068, 0.09291624935697182, 0.3368614597963450, 0.5702222908466832,
                 0.03857151078706068, 0.09291624935697182, 0.5702222908466832, 0.3368614597963450,
                 0.03857151078706068, 0.3368614597963450, 0.09291624935697182, 0.5702222908466832,
                 0.03857151078706068, 0.3368614597963450, 0.5702222908466832, 0.09291624935697182,
                 0.03857151078706068, 0.5702222908466832, 0.09291624935697182, 0.3368614597963450,
                 0.03857151078706068, 0.5702222908466832, 0.3368614597963450, 0.09291624935697182,
                 0.01443630811353384, 0.01464695005565441, 0.2983728821362578, 0.6869801678080878,
                 0.01443630811353384, 0.01464695005565441, 0.6869801678080878, 0.2983728821362578,
                 0.01443630811353384, 0.2983728821362578, 0.01464695005565441, 0.6869801678080878,
                 0.01443630811353384, 0.2983728821362578, 0.6869801678080878, 0.01464695005565441,
                 0.01443630811353384, 0.6869801678080878, 0.01464695005565441, 0.2983728821362578,
                 0.01443630811353384, 0.6869801678080878, 0.2983728821362578, 0.01464695005565441,
                 0.005010228838500672, 0.001268330932872025, 0.1189744976969568, 0.8797571713701711,
                 0.005010228838500672, 0.001268330932872025, 0.8797571713701711, 0.1189744976969568,
                 0.005010228838500672, 0.1189744976969568, 0.001268330932872025, 0.8797571713701711,
                 0.005010228838500672, 0.1189744976969568, 0.8797571713701711, 0.001268330932872025,
                 0.005010228838500672, 0.8797571713701711, 0.001268330932872025, 0.1189744976969568,
                 0.005010228838500672, 0.8797571713701711, 0.1189744976969568, 0.001268330932872025;
            break;
        }
    }
    
    // 提取权重和重心坐标
    // weight = A(:, 1)'        % 权重 (行向量)
    // lambda = A(:, 2:4)       % 重心坐标 [alpha, beta, gamma]
    int nQuad = A.rows();
    weight = A.col(0);  // 权重 (列向量)
    lambda = A.block(0, 1, nQuad, 3);  // 重心坐标
}

void Quadrature::quadpts2_my(int order, MatrixXd& lambda, VectorXd& weight) {
    if (order <= 14) {
        quadpts(order, lambda, weight);
    } else {
        quadpts(14, lambda, weight);  // 使用最高阶数 14
    }
}

void Quadrature::quadpts1_my(int order, MatrixXd& x, VectorXd& w) {
    int numPts = (int)std::ceil((double)(order + 1) / 2.0);
    if (numPts > 10) numPts = 10;
    
    MatrixXd A;
    
    switch (numPts) {
        case 1:
            A.resize(1, 2);
            A << 0, 2.0000000000000000000000000;
            break;
        case 2:
            A.resize(2, 2);
            A << 0.5773502691896257645091488, 1.0000000000000000000000000,
                -0.5773502691896257645091488, 1.0000000000000000000000000;
            break;
        case 3:
            A.resize(3, 2);
            A << 0, 0.8888888888888888888888889,
                 0.7745966692414833770358531, 0.5555555555555555555555556,
                -0.7745966692414833770358531, 0.5555555555555555555555556;
            break;
        case 4:
            A.resize(4, 2);
            A << 0.3399810435848562648026658, 0.6521451548625461426269361,
                 0.8611363115940525752239465, 0.3478548451374538573730639,
                -0.3399810435848562648026658, 0.6521451548625461426269361,
                -0.8611363115940525752239465, 0.3478548451374538573730639;
            break;
        case 5:
            A.resize(5, 2);
            A << 0, 0.5688888888888888888888889,
                 0.5384693101056830910363144, 0.4786286704993664680412915,
                 0.9061798459386639927976269, 0.2369268850561890875142640,
                -0.5384693101056830910363144, 0.4786286704993664680412915,
                -0.9061798459386639927976269, 0.2369268850561890875142640;
            break;
        case 6:
            A.resize(6, 2);
            A << 0.2386191860831969086305017, 0.4679139345726910473898703,
                 0.6612093864662645136613996, 0.3607615730481386075698335,
                 0.9324695142031520278123016, 0.1713244923791703450402961,
                -0.2386191860831969086305017, 0.4679139345726910473898703,
                -0.6612093864662645136613996, 0.3607615730481386075698335,
                -0.9324695142031520278123016, 0.1713244923791703450402961;
            break;
        case 7:
            A.resize(7, 2);
            A << 0, 0.4179591836734693877551020,
                 0.4058451513773971669066064, 0.3818300505051189449503698,
                 0.7415311855993944398638648, 0.2797053914892766679014678,
                 0.9491079123427585245261897, 0.1294849661688696932706114,
                -0.4058451513773971669066064, 0.3818300505051189449503698,
                -0.7415311855993944398638648, 0.2797053914892766679014678,
                -0.9491079123427585245261897, 0.1294849661688696932706114;
            break;
        case 8:
            A.resize(8, 2);
            A << 0.1834346424956498049394761, 0.3626837833783619829651504,
                 0.5255324099163289858177390, 0.3137066458778872873379622,
                 0.7966664774136267395915539, 0.2223810344533744705443560,
                 0.9602898564975362316835609, 0.1012285362903762591525314,
                -0.1834346424956498049394761, 0.3626837833783619829651504,
                -0.5255324099163289858177390, 0.3137066458778872873379622,
                -0.7966664774136267395915539, 0.2223810344533744705443560,
                -0.9602898564975362316835609, 0.1012285362903762591525314;
            break;
        case 9:
            A.resize(9, 2);
            A << 0, 0.3302393550012597631645251,
                 0.3242534234038089290385380, 0.3123470770400028400686304,
                 0.6133714327005903973087020, 0.2606106964029354623187429,
                 0.8360311073266357942994298, 0.1806481606948574040584720,
                 0.9681602395076260898355762, 0.0812743883615744119718922,
                -0.3242534234038089290385380, 0.3123470770400028400686304,
                -0.6133714327005903973087020, 0.2606106964029354623187429,
                -0.8360311073266357942994298, 0.1806481606948574040584720,
                -0.9681602395076260898355762, 0.0812743883615744119718922;
            break;
        case 10:
            A.resize(10, 2);
            A << 0.1488743389816312108848260, 0.2955242247147528701738930,
                 0.4333953941292471907992659, 0.2692667193099963550912269,
                 0.6794095682990244062343274, 0.2190863625159820439955349,
                 0.8650633666889845107320967, 0.1494513491505805931457763,
                 0.9739065285171717200779640, 0.0666713443086881375935688,
                -0.1488743389816312108848260, 0.2955242247147528701738930,
                -0.4333953941292471907992659, 0.2692667193099963550912269,
                -0.6794095682990244062343274, 0.2190863625159820439955349,
                -0.8650633666889845107320967, 0.1494513491505805931457763,
                -0.9739065285171717200779640, 0.0666713443086881375935688;
            break;
    }
    
    // lambda1 = (A(:,1)+1)/2; lambda2 = 1 - lambda1;
    // weight = A(:,2)/2;
    VectorXd lambda1 = (A.col(0).array() + 1.0) / 2.0;
    VectorXd lambda2 = 1.0 - lambda1.array();
    
    x.resize(numPts, 2);
    x.col(0) = lambda1;
    x.col(1) = lambda2;
    
    w = A.col(1) / 2.0;
}
