function [lambda, weight] = quadtria(order)
%QUADPTS2_MY Symmetric quadrature rules on triangles
%   Hard‑coded 8th‑ and 14th‑order rules from:
%   L. B. Zhang, T. Cui & H. Liu, "A set of symmetric quadrature rules
%   on triangles and tetrahedra", J. Comput. Math., 27(1), 2009.
%
%   lambda : nPts‑by‑3 barycentric coordinates (l1,l2,l3), l1+l2+l3 = 1
%   weight : column vector (weights sum to 1 – multiply by |T| for physical area)

switch order
    case 8
        %% 16‑point, order‑8 rule
        lambda = [ ...
        0.33333333333333331 0.33333333333333331 0.33333333333333331;
        0.65886138449647957 0.17056930775176021 0.17056930775176021;
        0.17056930775176021 0.65886138449647957 0.17056930775176021;
        0.17056930775176021 0.17056930775176021 0.65886138449647957;
        0.050547228317030977 0.89890554336593809 0.050547228317030977;
        0.050547228317030977 0.050547228317030977 0.89890554336593809;
        0.89890554336593809 0.050547228317030977 0.050547228317030977;
        0.45929258829272318 0.081414823414553694 0.45929258829272318;
        0.45929258829272318 0.45929258829272318 0.081414823414553694;
        0.081414823414553694 0.45929258829272318 0.45929258829272318;
        0.0083947774099576054 0.26311282963463811 0.72849239295540422;
        0.72849239295540422 0.26311282963463811 0.0083947774099576054;
        0.26311282963463811 0.0083947774099576054 0.72849239295540422;
        0.0083947774099576054 0.72849239295540422 0.26311282963463811;
        0.26311282963463811 0.72849239295540422 0.0083947774099576054;
        0.72849239295540422 0.0083947774099576054 0.26311282963463811];
        weight = [ ...
        0.14431560767778717 0.10321737053471824 0.10321737053471824 0.10321737053471824 ...
        0.03245849762319808 0.03245849762319808 0.03245849762319808 ...
        0.09509163426728462 0.09509163426728462 0.09509163426728462 ...
        0.027230314174434993 0.027230314174434993 0.027230314174434993 0.027230314174434993 ...
        0.027230314174434993 0.027230314174434993]';

    case 14
        %% 46‑point, order‑14 rule
        lambda = [ ...
        0.33333333333333331 0.33333333333333331 0.33333333333333331;
        0.98004047838708317 0.0099797608064584324 0.0099797608064584324;
        0.0099797608064584324 0.98004047838708317 0.0099797608064584324;
        0.0099797608064584324 0.0099797608064584324 0.98004047838708317;
        0.040044212957622227 0.47997789352118841 0.47997789352118841;
        0.47997789352118841 0.040044212957622227 0.47997789352118841;
        0.47997789352118841 0.47997789352118841 0.040044212957622227;
        0.69237608164606623 0.1538119591769669 0.1538119591769669;
        0.1538119591769669 0.69237608164606623 0.1538119591769669;
        0.1538119591769669 0.1538119591769669 0.69237608164606623;
        0.85195304576602437 0.07402347711698781 0.07402347711698781;
        0.07402347711698781 0.85195304576602437 0.07402347711698781;
        0.07402347711698781 0.07402347711698781 0.85195304576602437;
        0.73929063499334 0.13035468250333 0.13035468250333;
        0.13035468250333 0.73929063499334 0.13035468250333;
        0.13035468250333 0.13035468250333 0.73929063499334;
        0.53876554794669375 0.23061722602665313 0.23061722602665313;
        0.23061722602665313 0.53876554794669375 0.23061722602665313;
        0.23061722602665313 0.23061722602665313 0.53876554794669375;
        0.15533583316170435 0.42233208341914782 0.42233208341914782;
        0.42233208341914782 0.15533583316170435 0.42233208341914782;
        0.42233208341914782 0.42233208341914782 0.15533583316170435;
        0.02314625403343815 0.1906163600319009 0.786237385934661;
        0.1906163600319009 0.02314625403343815 0.786237385934661;
        0.1906163600319009 0.786237385934661 0.02314625403343815;
        0.786237385934661 0.02314625403343815 0.1906163600319009;
        0.786237385934661 0.1906163600319009 0.02314625403343815;
        0.02314625403343815 0.786237385934661 0.1906163600319009;
        0.0071247185958440016 0.36232313774354714 0.63055214366060744;
        0.36232313774354714 0.0071247185958440016 0.63055214366060744;
        0.36232313774354714 0.63055214366060744 0.0071247185958440016;
        0.63055214366060744 0.0071247185958440016 0.36232313774354714;
        0.63055214366060744 0.36232313774354714 0.0071247185958440016;
        0.0071247185958440016 0.63055214366060744 0.36232313774354714;
        0.082651464259026372 0.29077120588366742 0.62657732985630636;
        0.29077120588366742 0.082651464259026372 0.62657732985630636;
        0.29077120588366742 0.62657732985630636 0.082651464259026372;
        0.62657732985630636 0.082651464259026372 0.29077120588366742;
        0.62657732985630636 0.29077120588366742 0.082651464259026372;
        0.082651464259026372 0.62657732985630636 0.29077120588366742;
        0.014624304192624819 0.071165710877750763 0.91420998492962537;
        0.071165710877750763 0.014624304192624819 0.91420998492962537;
        0.071165710877750763 0.91420998492962537 0.014624304192624819;
        0.91420998492962537 0.014624304192624819 0.071165710877750763;
        0.91420998492962537 0.071165710877750763 0.014624304192624819;
        0.014624304192624819 0.91420998492962537 0.071165710877750763];
        weight = [ ...
        0.058596285226028594 0.0017351512297252676 0.0017351512297252676 0.0017351512297252676 ...
        0.026163782558614522 0.026163782558614522 0.026163782558614522 ...
        0.0039197292424018291 0.0039197292424018291 0.0039197292424018291 ...
        0.012247359756940866 0.012247359756940866 0.012247359756940866 ...
        0.02819962850325796 0.02819962850325796 0.02819962850325796 ...
        0.050887087185959485 0.050887087185959485 0.050887087185959485 ...
        0.050453439901603599 0.050453439901603599 0.050453439901603599 ...
        0.017063644212233451 0.017063644212233451 0.017063644212233451 0.017063644212233451 0.017063644212233451 0.017063644212233451 ...
        0.0096834664255066004 0.0096834664255066004 0.0096834664255066004 0.0096834664255066004 0.0096834664255066004 0.0096834664255066004 ...
        0.036385755928485006 0.036385755928485006 0.036385755928485006 0.036385755928485006 0.036385755928485006 0.036385755928485006 ...
        0.0069646633735184124 0.0069646633735184124 0.0069646633735184124 0.0069646633735184124 0.0069646633735184124 0.0069646633735184124]';

    otherwise
        error('Order not implemented. Choose 8 or 14.');
end

% End of file.
